0000-                  4       ;
0000-                  5       ; Border font created by EPTO, adapted from sources documented at the
0000-                  6       ; following blog post: https://www.jimblimey.com/blog/24-zx-spectrum-fonts/
0000-                  7       ;
0000-00 00 00 00 
     00 00 00 00       8               .db 0,0,0,0,0,0,0,0
0008-EE AA AA AA 
     EE 00 EE 00       9               .db 238,170,170,170,238,0,238,0
0010-EE AA CC 88 
     00 00 00 00      10               .db 238,170,204,136,0,0,0,0
0018-6C FE EE 44 
     EE FE 6C 00      11               .db 108,254,238,68,238,254,108,0
0020-18 7E 90 7C 
     12 FC 30 00      12               .db 24,126,144,124,18,252,48,0
0028-C6 CA 14 28 
     50 A6 C6 00      13               .db 198,202,20,40,80,166,198,0
0030-38 6C 68 76 
     DC CC 76 00      14               .db 56,108,104,118,220,204,118,0
0038-38 28 30 20 
     00 00 00 00      15               .db 56,40,48,32,0,0,0,0
0040-1C 28 50 50 
     50 28 1C 00      16               .db 28,40,80,80,80,40,28,0
0048-70 28 14 14 
     14 28 70 00      17               .db 112,40,20,20,20,40,112,0
0050-92 6C 44 82 
     44 6C 92 00      18               .db 146,108,68,130,68,108,146,0
0058-38 28 EE 82 
     EE 28 38 00      19               .db 56,40,238,130,238,40,56,0
0060-00 00 00 00 
     38 28 30 20      20               .db 0,0,0,0,56,40,48,32
0068-00 00 3E 42 
     7C 00 00 00      21               .db 0,0,62,66,124,0,0,0
0070-00 00 00 00 
     38 28 38 00      22               .db 0,0,0,0,56,40,56,0
0078-06 0A 14 28 
     50 A0 C0 00      23               .db 6,10,20,40,80,160,192,0
0080-1C 32 56 5A 
     52 52 3C 00      24               .db 28,50,86,90,82,82,60,0
0088-18 18 28 28 
     28 38 7C 00      25               .db 24,24,40,40,40,56,124,0
0090-7C 62 02 3C 
     50 50 7E 00      26               .db 124,98,2,60,80,80,126,0
0098-7C 02 3C 0A 
     0A 0A 7C 00      27               .db 124,2,60,10,10,10,124,0
00A0-E4 A4 A4 FE 
     04 04 0E 00      28               .db 228,164,164,254,4,4,14,0
00A8-7E 50 7C 02 
     02 02 7C 00      29               .db 126,80,124,2,2,2,124,0
00B0-3E 50 5C 52 
     52 52 3C 00      30               .db 62,80,92,82,82,82,60,0
00B8-7E 66 0A 14 
     28 28 38 00      31               .db 126,102,10,20,40,40,56,0
00C0-3C 56 3C 52 
     52 52 3C 00      32               .db 60,86,60,82,82,82,60,0
00C8-3C 4A 4A 3A 
     0A 0A 7C 00      33               .db 60,74,74,58,10,10,124,0
00D0-38 28 38 00 
     38 28 38 00      34               .db 56,40,56,0,56,40,56,0
00D8-38 28 38 00 
     38 28 30 20      35               .db 56,40,56,0,56,40,48,32
00E0-1C 28 50 A0 
     50 28 1C 00      36               .db 28,40,80,160,80,40,28,0
00E8-00 7E 7E 00 
     7E 7E 00 00      37               .db 0,126,126,0,126,126,0,0
00F0-70 28 14 0A 
     14 28 70 00      38               .db 112,40,20,10,20,40,112,0
00F8-FC EA 0A 34 
     38 00 38 00      39               .db 252,234,10,52,56,0,56,0
0100-7C A2 A2 AE 
     A0 A0 7E 00      40               .db 124,162,162,174,160,160,126,0
0108-3E 52 A2 BE 
     A2 A2 E2 00      41               .db 62,82,162,190,162,162,226,0
0110-F8 A4 A4 BE 
     A2 A2 FC 00      42               .db 248,164,164,190,162,162,252,0
0118-3E 56 A0 A0 
     A0 A6 7E 00      43               .db 62,86,160,160,160,166,126,0
0120-F8 AC A6 A2 
     A2 A6 FC 00      44               .db 248,172,166,162,162,166,252,0
0128-3E 56 A0 B8 
     A0 A6 FE 00      45               .db 62,86,160,184,160,166,254,0
0130-3E 56 A0 B8 
     A0 A0 F0 00      46               .db 62,86,160,184,160,160,240,0
0138-3E 56 A0 A6 
     A2 A2 7E 00      47               .db 62,86,160,166,162,162,126,0
0140-22 62 A2 BE 
     A2 A2 E2 00      48               .db 34,98,162,190,162,162,226,0
0148-7E 28 28 28 
     28 28 FC 00      49               .db 126,40,40,40,40,40,252,0
0150-3E 2A 0A 0A 
     8A CA 7C 00      50               .db 62,42,10,10,138,202,124,0
0158-22 66 AC B8 
     AC A6 E2 00      51               .db 34,102,172,184,172,166,226,0
0160-20 60 A0 A0 
     A0 A6 FE 00      52               .db 32,96,160,160,160,166,254,0
0168-26 7E AA A2 
     A2 A2 E2 00      53               .db 38,126,170,162,162,162,226,0
0170-22 62 B2 AA 
     A6 A2 E2 00      54               .db 34,98,178,170,166,162,226,0
0178-3C 56 A2 A2 
     A2 A6 7C 00      55               .db 60,86,162,162,162,166,124,0
0180-3C 62 A2 BC 
     A0 A0 F0 00      56               .db 60,98,162,188,160,160,240,0
0188-3C 56 A2 A2 
     A2 A6 7C 06      57               .db 60,86,162,162,162,166,124,6
0190-3C 52 A2 BC 
     A2 A2 E2 00      58               .db 60,82,162,188,162,162,226,0
0198-3E 50 A0 7C 
     06 06 FC 00      59               .db 62,80,160,124,6,6,252,0
01A0-FE AA 28 28 
     28 28 7C 00      60               .db 254,170,40,40,40,40,124,0
01A8-22 62 A2 A2 
     A2 A2 7E 00      61               .db 34,98,162,162,162,162,126,0
01B0-22 66 A4 AC 
     A8 B8 70 00      62               .db 34,102,164,172,168,184,112,0
01B8-22 62 A2 A2 
     AA B6 E2 00      63               .db 34,98,162,162,170,182,226,0
01C0-C1 A2 54 28 
     54 A2 C1 00      64               .db 193,162,84,40,84,162,193,0
01C8-22 62 A2 7E 
     02 02 FC 00      65               .db 34,98,162,126,2,2,252,0
01D0-FE 8A 14 28 
     50 A2 FE 00      66               .db 254,138,20,40,80,162,254,0
01D8-3C 28 28 28 
     28 28 3C 00      67               .db 60,40,40,40,40,40,60,0
01E0-C0 A0 50 28 
     14 0A 06 00      68               .db 192,160,80,40,20,10,6,0
01E8-3C 14 14 14 
     14 14 3C 00      69               .db 60,20,20,20,20,20,60,0
01F0-10 28 54 EE 
     00 00 00 00      70               .db 16,40,84,238,0,0,0,0
01F8-00 00 00 00 
     00 00 00 FE      71               .db 0,0,0,0,0,0,0,254
0200-1C 14 0C 04 
     00 00 00 00      72               .db 28,20,12,4,0,0,0,0
0208-00 00 3C 52 
     5E 52 72 00      73               .db 0,0,60,82,94,82,114,0
0210-00 C0 7C 52 
     52 52 7C 00      74               .db 0,192,124,82,82,82,124,0
0218-00 00 3E 52 
     50 52 3E 00      75               .db 0,0,62,82,80,82,62,0
0220-00 03 3E 52 
     52 52 3E 00      76               .db 0,3,62,82,82,82,62,0
0228-00 00 3C 52 
     5E 50 3E 00      77               .db 0,0,60,82,94,80,62,0
0230-00 1E 28 28 
     6C 28 7C 00      78               .db 0,30,40,40,108,40,124,0
0238-00 00 3E 52 
     52 3E 02 7C      79               .db 0,0,62,82,82,62,2,124
0240-00 C0 7C 52 
     52 52 72 00      80               .db 0,192,124,82,82,82,114,0
0248-00 30 00 78 
     28 28 38 00      81               .db 0,48,0,120,40,40,56,0
0250-00 18 00 3C 
     14 14 D4 78      82               .db 0,24,0,60,20,20,212,120
0258-00 E0 A6 AC 
     B8 AC E6 00      83               .db 0,224,166,172,184,172,230,0
0260-00 38 28 28 
     28 28 3C 00      84               .db 0,56,40,40,40,40,60,0
0268-00 00 F4 BE 
     AA A2 E2 00      85               .db 0,0,244,190,170,162,226,0
0270-00 00 7C 52 
     52 52 72 00      86               .db 0,0,124,82,82,82,114,0
0278-00 00 3C 52 
     52 52 3C 00      87               .db 0,0,60,82,82,82,60,0
0280-00 00 FC 52 
     52 5C 50 70      88               .db 0,0,252,82,82,92,80,112
0288-00 00 7E A4 
     A4 7C 04 04      89               .db 0,0,126,164,164,124,4,4
0290-00 00 FC 56 
     50 50 70 00      90               .db 0,0,252,86,80,80,112,0
0298-00 00 3E 50 
     3C 0A 7C 00      91               .db 0,0,62,80,60,10,124,0
02A0-00 10 30 58 
     50 54 38 00      92               .db 0,16,48,88,80,84,56,0
02A8-00 00 72 52 
     52 52 3E 00      93               .db 0,0,114,82,82,82,62,0
02B0-00 00 72 56 
     5C 48 30 00      94               .db 0,0,114,86,92,72,48,0
02B8-00 00 E2 A2 
     AA BE 74 00      95               .db 0,0,226,162,170,190,116,0
02C0-00 00 C6 AC 
     58 AC C6 00      96               .db 0,0,198,172,88,172,198,0
02C8-00 00 72 52 
     52 2C 18 70      97               .db 0,0,114,82,82,44,24,112
02D0-00 00 7E 14 
     28 52 7E 00      98               .db 0,0,126,20,40,82,126,0
02D8-0E 14 14 28 
     14 14 0E 00      99               .db 14,20,20,40,20,20,14,0
02E0-38 28 28 28 
     28 28 38 00     100               .db 56,40,40,40,40,40,56,0
02E8-70 28 28 14 
     28 28 70 00     101               .db 112,40,40,20,40,40,112,0
02F0-76 DC 00 00 
     00 00 00 00     102               .db 118,220,0,0,0,0,0,0
02F8-AA 55 AA 55 
     AA 55 AA 55     103               .db 170,85,170,85,170,85,170,85
