0000-                  4       ;
0000-                  5       ; CGA font created by EPTO, adapted from sources documented at the following
0000-                  6       ; blog post: https://www.jimblimey.com/blog/24-zx-spectrum-fonts/
0000-                  7       ;
0000-00 00 00 00 
     00 00 00 00       8               .db 0,0,0,0,0,0,0,0
0008-10 38 38 10 
     10 00 10 00       9               .db 16,56,56,16,16,0,16,0
0010-24 24 24 00 
     00 00 00 00      10               .db 36,36,36,0,0,0,0,0
0018-24 24 7E 24 
     7E 24 24 00      11               .db 36,36,126,36,126,36,36,0
0020-18 3E 40 3C 
     02 7C 18 00      12               .db 24,62,64,60,2,124,24,0
0028-00 62 64 08 
     10 26 46 00      13               .db 0,98,100,8,16,38,70,0
0030-30 48 30 56 
     88 88 76 00      14               .db 48,72,48,86,136,136,118,0
0038-10 10 20 00 
     00 00 00 00      15               .db 16,16,32,0,0,0,0,0
0040-10 20 40 40 
     40 20 10 00      16               .db 16,32,64,64,64,32,16,0
0048-20 10 08 08 
     08 10 20 00      17               .db 32,16,8,8,8,16,32,0
0050-00 44 38 FE 
     38 44 00 00      18               .db 0,68,56,254,56,68,0,0
0058-00 10 10 7C 
     10 10 00 00      19               .db 0,16,16,124,16,16,0,0
0060-00 00 00 00 
     00 10 10 20      20               .db 0,0,0,0,0,16,16,32
0068-00 00 00 7E 
     00 00 00 00      21               .db 0,0,0,126,0,0,0,0
0070-00 00 00 00 
     00 10 10 00      22               .db 0,0,0,0,0,16,16,0
0078-00 02 04 08 
     10 20 40 00      23               .db 0,2,4,8,16,32,64,0
0080-3C 42 46 4A 
     52 62 3C 00      24               .db 60,66,70,74,82,98,60,0
0088-10 30 50 10 
     10 10 7C 00      25               .db 16,48,80,16,16,16,124,0
0090-3C 42 02 0C 
     30 42 7E 00      26               .db 60,66,2,12,48,66,126,0
0098-3C 42 02 1C 
     02 42 3C 00      27               .db 60,66,2,28,2,66,60,0
00A0-08 18 28 48 
     FE 08 1C 00      28               .db 8,24,40,72,254,8,28,0
00A8-7E 40 7C 02 
     02 42 3C 00      29               .db 126,64,124,2,2,66,60,0
00B0-1C 20 40 7C 
     42 42 3C 00      30               .db 28,32,64,124,66,66,60,0
00B8-7E 42 04 08 
     10 10 10 00      31               .db 126,66,4,8,16,16,16,0
00C0-3C 42 42 3C 
     42 42 3C 00      32               .db 60,66,66,60,66,66,60,0
00C8-3C 42 42 3E 
     02 04 38 00      33               .db 60,66,66,62,2,4,56,0
00D0-00 10 10 00 
     00 10 10 00      34               .db 0,16,16,0,0,16,16,0
00D8-00 10 10 00 
     00 10 10 20      35               .db 0,16,16,0,0,16,16,32
00E0-08 10 20 40 
     20 10 08 00      36               .db 8,16,32,64,32,16,8,0
00E8-00 00 7E 00 
     00 7E 00 00      37               .db 0,0,126,0,0,126,0,0
00F0-10 08 04 02 
     04 08 10 00      38               .db 16,8,4,2,4,8,16,0
00F8-3C 42 02 04 
     08 00 08 00      39               .db 60,66,2,4,8,0,8,0
0100-3C 42 5E 52 
     5E 40 3C 00      40               .db 60,66,94,82,94,64,60,0
0108-18 24 42 42 
     7E 42 42 00      41               .db 24,36,66,66,126,66,66,0
0110-7C 22 22 3C 
     22 22 7C 00      42               .db 124,34,34,60,34,34,124,0
0118-1C 22 40 40 
     40 22 1C 00      43               .db 28,34,64,64,64,34,28,0
0120-78 24 22 22 
     22 24 78 00      44               .db 120,36,34,34,34,36,120,0
0128-7E 22 28 38 
     28 22 7E 00      45               .db 126,34,40,56,40,34,126,0
0130-7E 22 28 38 
     28 20 70 00      46               .db 126,34,40,56,40,32,112,0
0138-1C 22 40 40 
     4E 22 1E 00      47               .db 28,34,64,64,78,34,30,0
0140-42 42 42 7E 
     42 42 42 00      48               .db 66,66,66,126,66,66,66,0
0148-38 10 10 10 
     10 10 38 00      49               .db 56,16,16,16,16,16,56,0
0150-0E 04 04 04 
     44 44 38 00      50               .db 14,4,4,4,68,68,56,0
0158-62 24 28 30 
     28 24 63 00      51               .db 98,36,40,48,40,36,99,0
0160-70 20 20 20 
     20 22 7E 00      52               .db 112,32,32,32,32,34,126,0
0168-63 55 49 41 
     41 41 41 00      53               .db 99,85,73,65,65,65,65,0
0170-62 52 4A 46 
     42 42 42 00      54               .db 98,82,74,70,66,66,66,0
0178-18 24 42 42 
     42 24 18 00      55               .db 24,36,66,66,66,36,24,0
0180-7C 22 22 3C 
     20 20 70 00      56               .db 124,34,34,60,32,32,112,0
0188-3C 42 42 42 
     4A 3C 03 00      57               .db 60,66,66,66,74,60,3,0
0190-7C 22 22 3C 
     28 24 72 00      58               .db 124,34,34,60,40,36,114,0
0198-3C 42 40 3C 
     02 42 3C 00      59               .db 60,66,64,60,2,66,60,0
01A0-7F 49 08 08 
     08 08 1C 00      60               .db 127,73,8,8,8,8,28,0
01A8-42 42 42 42 
     42 42 3C 00      61               .db 66,66,66,66,66,66,60,0
01B0-41 41 41 41 
     22 14 08 00      62               .db 65,65,65,65,34,20,8,0
01B8-41 41 41 49 
     49 49 36 00      63               .db 65,65,65,73,73,73,54,0
01C0-41 22 14 08 
     14 22 41 00      64               .db 65,34,20,8,20,34,65,0
01C8-41 22 14 08 
     08 08 1C 00      65               .db 65,34,20,8,8,8,28,0
01D0-7F 42 04 08 
     10 21 7F 00      66               .db 127,66,4,8,16,33,127,0
01D8-78 40 40 40 
     40 40 78 00      67               .db 120,64,64,64,64,64,120,0
01E0-80 40 20 10 
     08 04 02 00      68               .db 128,64,32,16,8,4,2,0
01E8-78 08 08 08 
     08 08 78 00      69               .db 120,8,8,8,8,8,120,0
01F0-10 28 44 82 
     00 00 00 00      70               .db 16,40,68,130,0,0,0,0
01F8-00 00 00 00 
     00 00 00 FF      71               .db 0,0,0,0,0,0,0,255
0200-10 10 08 00 
     00 00 00 00      72               .db 16,16,8,0,0,0,0,0
0208-00 00 3C 02 
     3E 42 3F 00      73               .db 0,0,60,2,62,66,63,0
0210-60 20 20 2E 
     31 31 2E 00      74               .db 96,32,32,46,49,49,46,0
0218-00 00 3C 42 
     40 42 3C 00      75               .db 0,0,60,66,64,66,60,0
0220-06 02 02 3A 
     46 46 3B 00      76               .db 6,2,2,58,70,70,59,0
0228-00 00 3C 42 
     7E 40 3C 00      77               .db 0,0,60,66,126,64,60,0
0230-0C 12 10 38 
     10 10 38 00      78               .db 12,18,16,56,16,16,56,0
0238-00 00 3D 42 
     42 3E 02 7C      79               .db 0,0,61,66,66,62,2,124
0240-60 20 2C 32 
     22 22 62 00      80               .db 96,32,44,50,34,34,98,0
0248-10 00 30 10 
     10 10 38 00      81               .db 16,0,48,16,16,16,56,0
0250-02 00 06 02 
     02 42 42 3C      82               .db 2,0,6,2,2,66,66,60
0258-60 20 24 28 
     30 28 26 00      83               .db 96,32,36,40,48,40,38,0
0260-30 10 10 10 
     10 10 38 00      84               .db 48,16,16,16,16,16,56,0
0268-00 00 76 49 
     49 49 49 00      85               .db 0,0,118,73,73,73,73,0
0270-00 00 5C 62 
     42 42 42 00      86               .db 0,0,92,98,66,66,66,0
0278-00 00 3C 42 
     42 42 3C 00      87               .db 0,0,60,66,66,66,60,0
0280-00 00 6C 32 
     32 2C 20 70      88               .db 0,0,108,50,50,44,32,112
0288-00 00 36 4C 
     4C 34 04 0E      89               .db 0,0,54,76,76,52,4,14
0290-00 00 6C 32 
     22 20 70 00      90               .db 0,0,108,50,34,32,112,0
0298-00 00 3E 40 
     3C 02 7C 00      91               .db 0,0,62,64,60,2,124,0
02A0-10 10 7C 10 
     10 12 0C 00      92               .db 16,16,124,16,16,18,12,0
02A8-00 00 42 42 
     42 46 3A 00      93               .db 0,0,66,66,66,70,58,0
02B0-00 00 41 41 
     22 14 08 00      94               .db 0,0,65,65,34,20,8,0
02B8-00 00 41 49 
     49 49 36 00      95               .db 0,0,65,73,73,73,54,0
02C0-00 00 44 28 
     10 28 44 00      96               .db 0,0,68,40,16,40,68,0
02C8-00 00 42 42 
     42 3E 02 7C      97               .db 0,0,66,66,66,62,2,124
02D0-00 00 7C 08 
     10 20 7C 00      98               .db 0,0,124,8,16,32,124,0
02D8-0C 10 10 60 
     10 10 0C 00      99               .db 12,16,16,96,16,16,12,0
02E0-10 10 10 00 
     10 10 10 00     100               .db 16,16,16,0,16,16,16,0
02E8-30 08 08 06 
     08 08 30 00     101               .db 48,8,8,6,8,8,48,0
02F0-32 4C 00 00 
     00 00 00 00     102               .db 50,76,0,0,0,0,0,0
02F8-00 08 14 22 
     41 41 7F 00     103               .db 0,8,20,34,65,65,127,0
