0000-                  4       ;
0000-                  5       ; MSX font created by EPTO, adapted from sources documented at the following
0000-                  6       ; blog post: https://www.jimblimey.com/blog/24-zx-spectrum-fonts/
0000-                  7       ;
0000-00 00 00 00 
     00 00 00 00       8               .db 0,0,0,0,0,0,0,0
0008-20 20 20 20 
     00 00 20 00       9               .db 32,32,32,32,0,0,32,0
0010-50 50 50 00 
     00 00 00 00      10               .db 80,80,80,0,0,0,0,0
0018-50 50 F8 50 
     F8 50 50 00      11               .db 80,80,248,80,248,80,80,0
0020-20 78 A0 70 
     28 F0 20 00      12               .db 32,120,160,112,40,240,32,0
0028-C0 C8 10 20 
     40 98 18 00      13               .db 192,200,16,32,64,152,24,0
0030-40 A0 40 A8 
     90 98 60 00      14               .db 64,160,64,168,144,152,96,0
0038-10 20 40 00 
     00 00 00 00      15               .db 16,32,64,0,0,0,0,0
0040-10 20 40 40 
     40 20 10 00      16               .db 16,32,64,64,64,32,16,0
0048-40 20 10 10 
     10 20 40 00      17               .db 64,32,16,16,16,32,64,0
0050-20 A8 70 20 
     70 A8 20 00      18               .db 32,168,112,32,112,168,32,0
0058-00 20 20 F8 
     20 20 00 00      19               .db 0,32,32,248,32,32,0,0
0060-00 00 00 00 
     00 20 20 40      20               .db 0,0,0,0,0,32,32,64
0068-00 00 00 78 
     00 00 00 00      21               .db 0,0,0,120,0,0,0,0
0070-00 00 00 00 
     00 60 60 00      22               .db 0,0,0,0,0,96,96,0
0078-00 00 08 10 
     20 40 80 00      23               .db 0,0,8,16,32,64,128,0
0080-70 88 98 A8 
     C8 88 70 00      24               .db 112,136,152,168,200,136,112,0
0088-20 60 A0 20 
     20 20 F0 00      25               .db 32,96,160,32,32,32,240,0
0090-70 88 08 10 
     60 80 F8 00      26               .db 112,136,8,16,96,128,248,0
0098-70 88 08 30 
     08 88 70 00      27               .db 112,136,8,48,8,136,112,0
00A0-10 30 50 90 
     F8 10 10 00      28               .db 16,48,80,144,248,16,16,0
00A8-F8 80 E0 10 
     08 10 E0 00      29               .db 248,128,224,16,8,16,224,0
00B0-30 40 80 F0 
     88 88 70 00      30               .db 48,64,128,240,136,136,112,0
00B8-F8 88 10 20 
     20 20 20 00      31               .db 248,136,16,32,32,32,32,0
00C0-70 88 88 70 
     88 88 70 00      32               .db 112,136,136,112,136,136,112,0
00C8-70 88 88 78 
     08 10 60 00      33               .db 112,136,136,120,8,16,96,0
00D0-00 00 20 00 
     00 20 00 00      34               .db 0,0,32,0,0,32,0,0
00D8-00 00 20 00 
     00 20 20 40      35               .db 0,0,32,0,0,32,32,64
00E0-18 30 60 C0 
     60 30 18 00      36               .db 24,48,96,192,96,48,24,0
00E8-00 00 F8 00 
     F8 00 00 00      37               .db 0,0,248,0,248,0,0,0
00F0-C0 60 30 18 
     30 60 C0 00      38               .db 192,96,48,24,48,96,192,0
00F8-70 88 08 10 
     20 00 20 00      39               .db 112,136,8,16,32,0,32,0
0100-70 88 08 48 
     A8 A8 70 00      40               .db 112,136,8,72,168,168,112,0
0108-20 50 88 88 
     F8 88 88 00      41               .db 32,80,136,136,248,136,136,0
0110-F0 48 48 70 
     48 48 F0 00      42               .db 240,72,72,112,72,72,240,0
0118-30 48 80 80 
     80 48 30 00      43               .db 48,72,128,128,128,72,48,0
0120-E0 50 48 48 
     48 50 E0 00      44               .db 224,80,72,72,72,80,224,0
0128-F8 80 80 F0 
     80 80 F8 00      45               .db 248,128,128,240,128,128,248,0
0130-F8 80 80 F0 
     80 80 80 00      46               .db 248,128,128,240,128,128,128,0
0138-70 88 80 B8 
     88 88 70 00      47               .db 112,136,128,184,136,136,112,0
0140-88 88 88 F8 
     88 88 88 00      48               .db 136,136,136,248,136,136,136,0
0148-70 20 20 20 
     20 20 70 00      49               .db 112,32,32,32,32,32,112,0
0150-38 10 10 10 
     90 90 60 00      50               .db 56,16,16,16,144,144,96,0
0158-88 90 A0 C0 
     A0 90 88 00      51               .db 136,144,160,192,160,144,136,0
0160-80 80 80 80 
     80 80 F8 00      52               .db 128,128,128,128,128,128,248,0
0168-88 D8 A8 A8 
     88 88 88 00      53               .db 136,216,168,168,136,136,136,0
0170-88 C8 C8 A8 
     98 98 88 00      54               .db 136,200,200,168,152,152,136,0
0178-70 88 88 88 
     88 88 70 00      55               .db 112,136,136,136,136,136,112,0
0180-F0 88 88 F0 
     80 80 80 00      56               .db 240,136,136,240,128,128,128,0
0188-70 88 88 88 
     A8 90 68 00      57               .db 112,136,136,136,168,144,104,0
0190-F0 88 88 F0 
     A0 90 88 00      58               .db 240,136,136,240,160,144,136,0
0198-70 88 80 70 
     08 88 70 00      59               .db 112,136,128,112,8,136,112,0
01A0-F8 20 20 20 
     20 20 20 00      60               .db 248,32,32,32,32,32,32,0
01A8-88 88 88 88 
     88 88 70 00      61               .db 136,136,136,136,136,136,112,0
01B0-88 88 88 88 
     50 50 20 00      62               .db 136,136,136,136,80,80,32,0
01B8-88 88 88 A8 
     A8 D8 88 00      63               .db 136,136,136,168,168,216,136,0
01C0-88 88 50 20 
     50 88 88 00      64               .db 136,136,80,32,80,136,136,0
01C8-88 88 88 70 
     20 20 20 00      65               .db 136,136,136,112,32,32,32,0
01D0-F8 08 10 20 
     40 80 F8 00      66               .db 248,8,16,32,64,128,248,0
01D8-70 40 40 40 
     40 40 70 00      67               .db 112,64,64,64,64,64,112,0
01E0-00 00 80 40 
     20 10 08 00      68               .db 0,0,128,64,32,16,8,0
01E8-70 10 10 10 
     10 10 70 00      69               .db 112,16,16,16,16,16,112,0
01F0-20 50 88 00 
     00 00 00 00      70               .db 32,80,136,0,0,0,0,0
01F8-00 00 00 00 
     00 00 F8 00      71               .db 0,0,0,0,0,0,248,0
0200-00 00 70 88 
     80 88 70 20      72               .db 0,0,112,136,128,136,112,32
0208-00 00 70 08 
     78 88 78 00      73               .db 0,0,112,8,120,136,120,0
0210-80 80 B0 C8 
     88 C8 B0 00      74               .db 128,128,176,200,136,200,176,0
0218-00 00 70 88 
     80 88 70 00      75               .db 0,0,112,136,128,136,112,0
0220-08 08 68 98 
     88 98 68 00      76               .db 8,8,104,152,136,152,104,0
0228-00 00 70 88 
     F8 80 70 00      77               .db 0,0,112,136,248,128,112,0
0230-10 28 20 F8 
     20 20 20 00      78               .db 16,40,32,248,32,32,32,0
0238-00 00 68 98 
     98 68 08 70      79               .db 0,0,104,152,152,104,8,112
0240-80 80 F0 88 
     88 88 88 00      80               .db 128,128,240,136,136,136,136,0
0248-20 00 60 20 
     20 20 70 00      81               .db 32,0,96,32,32,32,112,0
0250-10 00 30 10 
     10 10 90 60      82               .db 16,0,48,16,16,16,144,96
0258-40 40 48 50 
     60 50 48 00      83               .db 64,64,72,80,96,80,72,0
0260-60 20 20 20 
     20 20 70 00      84               .db 96,32,32,32,32,32,112,0
0268-00 00 D0 A8 
     A8 A8 A8 00      85               .db 0,0,208,168,168,168,168,0
0270-00 00 B0 C8 
     88 88 88 00      86               .db 0,0,176,200,136,136,136,0
0278-00 00 70 88 
     88 88 70 00      87               .db 0,0,112,136,136,136,112,0
0280-00 00 B0 C8 
     C8 B0 80 80      88               .db 0,0,176,200,200,176,128,128
0288-00 00 68 98 
     98 68 08 08      89               .db 0,0,104,152,152,104,8,8
0290-00 00 B0 C8 
     80 80 80 00      90               .db 0,0,176,200,128,128,128,0
0298-00 00 78 80 
     70 08 F0 00      91               .db 0,0,120,128,112,8,240,0
02A0-40 40 F0 40 
     40 48 30 00      92               .db 64,64,240,64,64,72,48,0
02A8-00 00 90 90 
     90 90 68 00      93               .db 0,0,144,144,144,144,104,0
02B0-00 00 88 88 
     88 50 20 00      94               .db 0,0,136,136,136,80,32,0
02B8-00 00 88 A8 
     A8 A8 50 00      95               .db 0,0,136,168,168,168,80,0
02C0-00 00 88 50 
     20 50 88 00      96               .db 0,0,136,80,32,80,136,0
02C8-00 00 88 88 
     98 68 08 70      97               .db 0,0,136,136,152,104,8,112
02D0-00 00 F8 10 
     20 40 F8 00      98               .db 0,0,248,16,32,64,248,0
02D8-18 20 20 40 
     20 20 18 00      99               .db 24,32,32,64,32,32,24,0
02E0-20 20 20 00 
     20 20 20 00     100               .db 32,32,32,0,32,32,32,0
02E8-C0 20 20 10 
     20 20 C0 00     101               .db 192,32,32,16,32,32,192,0
02F0-30 48 80 80 
     80 48 30 60     102               .db 48,72,128,128,128,72,48,96
02F8-00 00 20 50 
     F8 00 00 00     103               .db 0,0,32,80,248,0,0,0
