0000-                  4       ;
0000-                  5       ; CP850 font created by EPTO, adapted from sources documented at the following
0000-                  6       ; blog post: https://www.jimblimey.com/blog/24-zx-spectrum-fonts/
0000-                  7       ;
0000-00 00 00 00 
     00 00 00 00       8               .db 0,0,0,0,0,0,0,0
0008-18 3C 3C 18 
     18 00 18 00       9               .db 24,60,60,24,24,0,24,0
0010-66 66 24 00 
     00 00 00 00      10               .db 102,102,36,0,0,0,0,0
0018-6C 6C FE 6C 
     FE 6C 6C 00      11               .db 108,108,254,108,254,108,108,0
0020-18 3E 60 3C 
     06 7C 18 00      12               .db 24,62,96,60,6,124,24,0
0028-00 C6 CC 18 
     30 66 C6 00      13               .db 0,198,204,24,48,102,198,0
0030-38 6C 38 76 
     DC CC 76 00      14               .db 56,108,56,118,220,204,118,0
0038-18 18 30 00 
     00 00 00 00      15               .db 24,24,48,0,0,0,0,0
0040-0C 18 30 30 
     30 18 0C 00      16               .db 12,24,48,48,48,24,12,0
0048-30 18 0C 0C 
     0C 18 30 00      17               .db 48,24,12,12,12,24,48,0
0050-00 66 3C FF 
     3C 66 00 00      18               .db 0,102,60,255,60,102,0,0
0058-00 18 18 7E 
     18 18 00 00      19               .db 0,24,24,126,24,24,0,0
0060-00 00 00 00 
     00 18 18 30      20               .db 0,0,0,0,0,24,24,48
0068-00 00 00 7E 
     00 00 00 00      21               .db 0,0,0,126,0,0,0,0
0070-00 00 00 00 
     00 18 18 00      22               .db 0,0,0,0,0,24,24,0
0078-06 0C 18 30 
     60 C0 80 00      23               .db 6,12,24,48,96,192,128,0
0080-38 6C C6 D6 
     C6 6C 38 00      24               .db 56,108,198,214,198,108,56,0
0088-18 38 18 18 
     18 18 7E 00      25               .db 24,56,24,24,24,24,126,0
0090-7C C6 06 1C 
     30 66 FE 00      26               .db 124,198,6,28,48,102,254,0
0098-7C C6 06 3C 
     06 C6 7C 00      27               .db 124,198,6,60,6,198,124,0
00A0-1C 3C 6C CC 
     FE 0C 1E 00      28               .db 28,60,108,204,254,12,30,0
00A8-FE C0 C0 FC 
     06 C6 7C 00      29               .db 254,192,192,252,6,198,124,0
00B0-38 60 C0 FC 
     C6 C6 7C 00      30               .db 56,96,192,252,198,198,124,0
00B8-FE C6 0C 18 
     30 30 30 00      31               .db 254,198,12,24,48,48,48,0
00C0-7C C6 C6 7C 
     C6 C6 7C 00      32               .db 124,198,198,124,198,198,124,0
00C8-7C C6 C6 7E 
     06 0C 78 00      33               .db 124,198,198,126,6,12,120,0
00D0-00 18 18 00 
     00 18 18 00      34               .db 0,24,24,0,0,24,24,0
00D8-00 18 18 00 
     00 18 18 30      35               .db 0,24,24,0,0,24,24,48
00E0-06 0C 18 30 
     18 0C 06 00      36               .db 6,12,24,48,24,12,6,0
00E8-00 00 7E 00 
     00 7E 00 00      37               .db 0,0,126,0,0,126,0,0
00F0-60 30 18 0C 
     18 30 60 00      38               .db 96,48,24,12,24,48,96,0
00F8-7C C6 0C 18 
     18 00 18 00      39               .db 124,198,12,24,24,0,24,0
0100-7C C6 DE DE 
     DE C0 78 00      40               .db 124,198,222,222,222,192,120,0
0108-38 6C C6 FE 
     C6 C6 C6 00      41               .db 56,108,198,254,198,198,198,0
0110-FC 66 66 7C 
     66 66 FC 00      42               .db 252,102,102,124,102,102,252,0
0118-3C 66 C0 C0 
     C0 66 3C 00      43               .db 60,102,192,192,192,102,60,0
0120-F8 6C 66 66 
     66 6C F8 00      44               .db 248,108,102,102,102,108,248,0
0128-FE 62 68 78 
     68 62 FE 00      45               .db 254,98,104,120,104,98,254,0
0130-FE 62 68 78 
     68 60 F0 00      46               .db 254,98,104,120,104,96,240,0
0138-3C 66 C0 C0 
     CE 66 3A 00      47               .db 60,102,192,192,206,102,58,0
0140-C6 C6 C6 FE 
     C6 C6 C6 00      48               .db 198,198,198,254,198,198,198,0
0148-3C 18 18 18 
     18 18 3C 00      49               .db 60,24,24,24,24,24,60,0
0150-1E 0C 0C 0C 
     CC CC 78 00      50               .db 30,12,12,12,204,204,120,0
0158-E6 66 6C 78 
     6C 66 E6 00      51               .db 230,102,108,120,108,102,230,0
0160-F0 60 60 60 
     62 66 FE 00      52               .db 240,96,96,96,98,102,254,0
0168-C6 EE FE FE 
     D6 C6 C6 00      53               .db 198,238,254,254,214,198,198,0
0170-C6 E6 F6 DE 
     CE C6 C6 00      54               .db 198,230,246,222,206,198,198,0
0178-7C C6 C6 C6 
     C6 C6 7C 00      55               .db 124,198,198,198,198,198,124,0
0180-FC 66 66 7C 
     60 60 F0 00      56               .db 252,102,102,124,96,96,240,0
0188-7C C6 C6 C6 
     C6 CE 7C 0E      57               .db 124,198,198,198,198,206,124,14
0190-FC 66 66 7C 
     6C 66 E6 00      58               .db 252,102,102,124,108,102,230,0
0198-3C 66 30 18 
     0C 66 3C 00      59               .db 60,102,48,24,12,102,60,0
01A0-7E 7E 5A 18 
     18 18 3C 00      60               .db 126,126,90,24,24,24,60,0
01A8-C6 C6 C6 C6 
     C6 C6 7C 00      61               .db 198,198,198,198,198,198,124,0
01B0-C6 C6 C6 C6 
     C6 6C 38 00      62               .db 198,198,198,198,198,108,56,0
01B8-C6 C6 C6 D6 
     D6 FE 6C 00      63               .db 198,198,198,214,214,254,108,0
01C0-C6 C6 6C 38 
     6C C6 C6 00      64               .db 198,198,108,56,108,198,198,0
01C8-66 66 66 3C 
     18 18 3C 00      65               .db 102,102,102,60,24,24,60,0
01D0-FE C6 8C 18 
     32 66 FE 00      66               .db 254,198,140,24,50,102,254,0
01D8-3C 30 30 30 
     30 30 3C 00      67               .db 60,48,48,48,48,48,60,0
01E0-C0 60 30 18 
     0C 06 02 00      68               .db 192,96,48,24,12,6,2,0
01E8-3C 0C 0C 0C 
     0C 0C 3C 00      69               .db 60,12,12,12,12,12,60,0
01F0-10 38 6C C6 
     00 00 00 00      70               .db 16,56,108,198,0,0,0,0
01F8-00 00 00 00 
     00 00 00 FF      71               .db 0,0,0,0,0,0,0,255
0200-30 18 0C 00 
     00 00 00 00      72               .db 48,24,12,0,0,0,0,0
0208-00 00 78 0C 
     7C CC 76 00      73               .db 0,0,120,12,124,204,118,0
0210-E0 60 7C 66 
     66 66 DC 00      74               .db 224,96,124,102,102,102,220,0
0218-00 00 7C C6 
     C0 C6 7C 00      75               .db 0,0,124,198,192,198,124,0
0220-1C 0C 7C CC 
     CC CC 76 00      76               .db 28,12,124,204,204,204,118,0
0228-00 00 7C C6 
     FE C0 7C 00      77               .db 0,0,124,198,254,192,124,0
0230-3C 66 60 F8 
     60 60 F0 00      78               .db 60,102,96,248,96,96,240,0
0238-00 00 76 CC 
     CC 7C 0C F8      79               .db 0,0,118,204,204,124,12,248
0240-E0 60 6C 76 
     66 66 E6 00      80               .db 224,96,108,118,102,102,230,0
0248-18 00 38 18 
     18 18 3C 00      81               .db 24,0,56,24,24,24,60,0
0250-06 00 06 06 
     06 66 66 3C      82               .db 6,0,6,6,6,102,102,60
0258-E0 60 66 6C 
     78 6C E6 00      83               .db 224,96,102,108,120,108,230,0
0260-38 18 18 18 
     18 18 3C 00      84               .db 56,24,24,24,24,24,60,0
0268-00 00 EC FE 
     D6 D6 D6 00      85               .db 0,0,236,254,214,214,214,0
0270-00 00 DC 66 
     66 66 66 00      86               .db 0,0,220,102,102,102,102,0
0278-00 00 7C C6 
     C6 C6 7C 00      87               .db 0,0,124,198,198,198,124,0
0280-00 00 DC 66 
     66 7C 60 F0      88               .db 0,0,220,102,102,124,96,240
0288-00 00 76 CC 
     CC 7C 0C 1E      89               .db 0,0,118,204,204,124,12,30
0290-00 00 DC 76 
     60 60 F0 00      90               .db 0,0,220,118,96,96,240,0
0298-00 00 7E C0 
     7C 06 FC 00      91               .db 0,0,126,192,124,6,252,0
02A0-30 30 FC 30 
     30 36 1C 00      92               .db 48,48,252,48,48,54,28,0
02A8-00 00 CC CC 
     CC CC 76 00      93               .db 0,0,204,204,204,204,118,0
02B0-00 00 C6 C6 
     C6 6C 38 00      94               .db 0,0,198,198,198,108,56,0
02B8-00 00 C6 D6 
     D6 FE 6C 00      95               .db 0,0,198,214,214,254,108,0
02C0-00 00 C6 6C 
     38 6C C6 00      96               .db 0,0,198,108,56,108,198,0
02C8-00 00 C6 C6 
     C6 7E 06 FC      97               .db 0,0,198,198,198,126,6,252
02D0-00 00 7E 4C 
     18 32 7E 00      98               .db 0,0,126,76,24,50,126,0
02D8-0E 18 18 70 
     18 18 0E 00      99               .db 14,24,24,112,24,24,14,0
02E0-18 18 18 18 
     18 18 18 00     100               .db 24,24,24,24,24,24,24,0
02E8-70 18 18 0E 
     18 18 70 00     101               .db 112,24,24,14,24,24,112,0
02F0-76 DC 00 00 
     00 00 00 00     102               .db 118,220,0,0,0,0,0,0
02F8-00 10 38 6C 
     C6 C6 FE 00     103               .db 0,16,56,108,198,198,254,0
