0000-                  4       ;
0000-                  5       ; Computer font created by EPTO, adapted from sources documented at the
0000-                  6       ; following blog post: https://www.jimblimey.com/blog/24-zx-spectrum-fonts/
0000-                  7       ;
0000-00 00 00 00 
     00 00 00 00       8               .db 0,0,0,0,0,0,0,0
0008-30 78 78 30 
     30 00 30 00       9               .db 48,120,120,48,48,0,48,0
0010-6C 6C 6C 00 
     00 00 00 00      10               .db 108,108,108,0,0,0,0,0
0018-6C 6C FE 6C 
     FE 6C 6C 00      11               .db 108,108,254,108,254,108,108,0
0020-30 7C C0 78 
     0C F8 30 00      12               .db 48,124,192,120,12,248,48,0
0028-00 C6 CC 18 
     30 66 C6 00      13               .db 0,198,204,24,48,102,198,0
0030-38 6C 38 76 
     DC CC 76 00      14               .db 56,108,56,118,220,204,118,0
0038-60 60 C0 00 
     00 00 00 00      15               .db 96,96,192,0,0,0,0,0
0040-18 30 60 60 
     60 30 18 00      16               .db 24,48,96,96,96,48,24,0
0048-60 30 18 18 
     18 30 60 00      17               .db 96,48,24,24,24,48,96,0
0050-00 66 3C FF 
     3C 66 00 00      18               .db 0,102,60,255,60,102,0,0
0058-00 30 30 FC 
     30 30 00 00      19               .db 0,48,48,252,48,48,0,0
0060-00 00 00 00 
     00 30 30 60      20               .db 0,0,0,0,0,48,48,96
0068-00 00 00 FC 
     00 00 00 00      21               .db 0,0,0,252,0,0,0,0
0070-00 00 00 00 
     00 30 30 00      22               .db 0,0,0,0,0,48,48,0
0078-06 0C 18 30 
     60 C0 80 00      23               .db 6,12,24,48,96,192,128,0
0080-FE 86 8E D2 
     E2 C2 FE 00      24               .db 254,134,142,210,226,194,254,0
0088-10 10 10 30 
     30 30 30 00      25               .db 16,16,16,48,48,48,48,0
0090-3C 46 06 0C 
     30 60 7E 00      26               .db 60,70,6,12,48,96,126,0
0098-3C 46 06 1C 
     02 62 7C 00      27               .db 60,70,6,28,2,98,124,0
00A0-4C 4C 44 44 
     7C 0C 0C 00      28               .db 76,76,68,68,124,12,12,0
00A8-7E 40 7C 02 
     02 62 7C 00      29               .db 126,64,124,2,2,98,124,0
00B0-3C 66 40 7C 
     62 62 3C 00      30               .db 60,102,64,124,98,98,60,0
00B8-7C 0C 04 04 
     0C 0C 0C 00      31               .db 124,12,4,4,12,12,12,0
00C0-3C 46 46 3C 
     62 62 3C 00      32               .db 60,70,70,60,98,98,60,0
00C8-3C 46 46 3E 
     02 62 3C 00      33               .db 60,70,70,62,2,98,60,0
00D0-00 30 30 00 
     00 30 30 00      34               .db 0,48,48,0,0,48,48,0
00D8-00 30 30 00 
     00 30 30 60      35               .db 0,48,48,0,0,48,48,96
00E0-18 30 60 C0 
     60 30 18 00      36               .db 24,48,96,192,96,48,24,0
00E8-00 00 FC 00 
     00 FC 00 00      37               .db 0,0,252,0,0,252,0,0
00F0-60 30 18 0C 
     18 30 60 00      38               .db 96,48,24,12,24,48,96,0
00F8-78 CC 0C 18 
     30 00 30 00      39               .db 120,204,12,24,48,0,48,0
0100-7C C6 DE DE 
     DE C0 78 00      40               .db 124,198,222,222,222,192,120,0
0108-7E 46 42 42 
     7E 62 62 00      41               .db 126,70,66,66,126,98,98,0
0110-7C 4C 44 7E 
     62 62 7E 00      42               .db 124,76,68,126,98,98,126,0
0118-7E 46 40 60 
     60 62 7E 00      43               .db 126,70,64,96,96,98,126,0
0120-7C 46 46 42 
     62 62 7C 00      44               .db 124,70,70,66,98,98,124,0
0128-7E 46 40 78 
     60 62 7E 00      45               .db 126,70,64,120,96,98,126,0
0130-7E 46 40 78 
     60 60 60 00      46               .db 126,70,64,120,96,96,96,0
0138-7E 46 40 4E 
     62 62 7E 00      47               .db 126,70,64,78,98,98,126,0
0140-4C 4C 44 7C 
     64 64 64 00      48               .db 76,76,68,124,100,100,100,0
0148-10 10 10 18 
     18 18 18 00      49               .db 16,16,16,24,24,24,24,0
0150-06 06 02 02 
     62 62 7E 00      50               .db 6,6,2,2,98,98,126,0
0158-46 46 4C 78 
     64 62 62 00      51               .db 70,70,76,120,100,98,98,0
0160-40 40 40 60 
     60 60 7E 00      52               .db 64,64,64,96,96,96,126,0
0168-C6 EE BE 92 
     D2 C2 C2 00      53               .db 198,238,190,146,210,194,194,0
0170-46 46 62 52 
     6A 66 62 00      54               .db 70,70,98,82,106,102,98,0
0178-7E 46 46 62 
     62 62 7E 00      55               .db 126,70,70,98,98,98,126,0
0180-7E 46 46 7E 
     60 60 60 00      56               .db 126,70,70,126,96,96,96,0
0188-7E 46 46 62 
     62 7E 1C 04      57               .db 126,70,70,98,98,126,28,4
0190-7E 46 46 7C 
     68 64 62 00      58               .db 126,70,70,124,104,100,98,0
0198-7E 46 60 18 
     06 62 7E 00      59               .db 126,70,96,24,6,98,126,0
01A0-7E 16 10 18 
     18 18 18 00      60               .db 126,22,16,24,24,24,24,0
01A8-46 46 42 62 
     62 62 7E 00      61               .db 70,70,66,98,98,98,126,0
01B0-46 46 46 42 
     64 38 10 00      62               .db 70,70,70,66,100,56,16,0
01B8-86 86 82 D2 
     FA EE C6 00      63               .db 134,134,130,210,250,238,198,0
01C0-86 86 4C 30 
     68 E4 C2 00      64               .db 134,134,76,48,104,228,194,0
01C8-46 46 42 3C 
     18 18 18 00      65               .db 70,70,66,60,24,24,24,0
01D0-FE 06 08 10 
     20 C0 FE 00      66               .db 254,6,8,16,32,192,254,0
01D8-78 60 60 60 
     60 60 78 00      67               .db 120,96,96,96,96,96,120,0
01E0-C0 60 30 18 
     0C 06 02 00      68               .db 192,96,48,24,12,6,2,0
01E8-78 18 18 18 
     18 18 78 00      69               .db 120,24,24,24,24,24,120,0
01F0-10 38 6C C6 
     00 00 00 00      70               .db 16,56,108,198,0,0,0,0
01F8-00 00 00 00 
     00 00 00 FF      71               .db 0,0,0,0,0,0,0,255
0200-30 30 18 00 
     00 00 00 00      72               .db 48,48,24,0,0,0,0,0
0208-00 00 7E 06 
     7E 62 7E 00      73               .db 0,0,126,6,126,98,126,0
0210-40 40 40 7E 
     62 62 7E 00      74               .db 64,64,64,126,98,98,126,0
0218-00 00 7E 46 
     60 60 7E 00      75               .db 0,0,126,70,96,96,126,0
0220-06 06 02 7E 
     62 62 7E 00      76               .db 6,6,2,126,98,98,126,0
0228-00 00 7E 46 
     7E 60 7E 00      77               .db 0,0,126,70,126,96,126,0
0230-0C 1C 20 78 
     60 60 60 00      78               .db 12,28,32,120,96,96,96,0
0238-00 00 7E 46 
     42 7E 06 78      79               .db 0,0,126,70,66,126,6,120
0240-40 40 40 7E 
     62 62 62 00      80               .db 64,64,64,126,98,98,98,0
0248-10 00 10 10 
     18 18 18 00      81               .db 16,0,16,16,24,24,24,0
0250-0C 00 0C 04 
     04 64 64 7C      82               .db 12,0,12,4,4,100,100,124
0258-40 40 46 4C 
     78 64 62 00      83               .db 64,64,70,76,120,100,98,0
0260-10 10 10 10 
     18 18 18 00      84               .db 16,16,16,16,24,24,24,0
0268-00 00 FE 96 
     96 D2 D2 00      85               .db 0,0,254,150,150,210,210,0
0270-00 00 7E 46 
     62 62 62 00      86               .db 0,0,126,70,98,98,98,0
0278-00 00 7E 46 
     62 62 7E 00      87               .db 0,0,126,70,98,98,126,0
0280-00 00 7E 46 
     42 7E 60 60      88               .db 0,0,126,70,66,126,96,96
0288-00 00 7E 46 
     42 7E 02 02      89               .db 0,0,126,70,66,126,2,2
0290-00 00 7E 46 
     60 60 60 00      90               .db 0,0,126,70,96,96,96,0
0298-00 00 7C 40 
     7C 04 7C 00      91               .db 0,0,124,64,124,4,124,0
02A0-10 10 3C 10 
     10 18 1C 00      92               .db 16,16,60,16,16,24,28,0
02A8-00 00 46 46 
     62 62 7E 00      93               .db 0,0,70,70,98,98,126,0
02B0-00 00 46 46 
     66 34 18 00      94               .db 0,0,70,70,102,52,24,0
02B8-00 00 86 96 
     D2 FE 6C 00      95               .db 0,0,134,150,210,254,108,0
02C0-00 00 46 2C 
     18 34 62 00      96               .db 0,0,70,44,24,52,98,0
02C8-00 00 46 46 
     62 7E 02 7C      97               .db 0,0,70,70,98,126,2,124
02D0-00 00 7E 0C 
     18 30 7E 00      98               .db 0,0,126,12,24,48,126,0
02D8-1C 30 30 E0 
     30 30 1C 00      99               .db 28,48,48,224,48,48,28,0
02E0-18 18 18 00 
     18 18 18 00     100               .db 24,24,24,0,24,24,24,0
02E8-E0 30 30 1C 
     30 30 E0 00     101               .db 224,48,48,28,48,48,224,0
02F0-76 DC 00 00 
     00 00 00 00     102               .db 118,220,0,0,0,0,0,0
02F8-00 10 38 6C 
     C6 C6 FE 00     103               .db 0,16,56,108,198,198,254,0
